url_path,views_total,views_unique
/Intelligent-Driving-Laboratory/GOPS,93,50
/Intelligent-Driving-Laboratory/GOPS/tree/dev/example_train,30,4
/Intelligent-Driving-Laboratory/GOPS/tree/dev/gops,27,10
/Intelligent-Driving-Laboratory/GOPS/tree/dev/results,25,7
/Intelligent-Driving-Laboratory/GOPS/tree/dev/example_train/dsac,23,3
/Intelligent-Driving-Laboratory/GOPS/tree/dev/gops/algorithm,16,6
/Intelligent-Driving-Laboratory/GOPS/tree/dev/example_run,13,4
/Intelligent-Driving-Laboratory/GOPS/tree/dev,12,7
/Intelligent-Driving-Laboratory/GOPS/blob/dev/gops/sys_simulator/sys_run.py,12,1
/Intelligent-Driving-Laboratory/GOPS/tree/dev/tests/env_gen_ocp,10,3
