referrer,views_total,views_unique
gops.readthedocs.io,64,5
github.com,42,15
Google,42,13
docs.qq.com,21,2
link.zhihu.com,20,8
cn.bing.com,18,3
en.wikipedia.org,7,4
p7phvrl1b6.feishu.cn,7,1
Bing,3,3
en.m.wikipedia.org,3,3
