url_path,views_total,views_unique
/Intelligent-Driving-Laboratory/GOPS,150,89
/Intelligent-Driving-Laboratory/GOPS/tree/dev/gops,19,12
/Intelligent-Driving-Laboratory/GOPS/issues,16,10
/Intelligent-Driving-Laboratory/GOPS/tree/dev/example_train,11,8
/Intelligent-Driving-Laboratory/GOPS/tree/dev/gops/algorithm,8,7
/Intelligent-Driving-Laboratory/GOPS/blob/dev/gops_environment.win.yml,8,6
/Intelligent-Driving-Laboratory/GOPS/blob/dev/setup.py,8,6
/Intelligent-Driving-Laboratory/GOPS/tree/dev,8,6
/Intelligent-Driving-Laboratory/GOPS/tree/dev/gops/env,6,2
/Intelligent-Driving-Laboratory/GOPS/tree/dev/example_run,5,5
